*******2045*******

Station: Alabama

                Jan     Feb     Mar     Apr     May     Jun     Jul     Aug     Sep     Oct     Nov     Dec     Tot
chloride      77382   66518   73144   62741   82546   70756   73908   69035   83070   71732   89431   72771  893034
iron          80218   82217   68637   76179   73598   76178   81052   91810   81916   84346   75550   82813  954514
magnesium     81283   71231   70414   79726   81681   67077   83870   68827   62890   81138   71596   62448  882181
potassium     69208   82305   72579   78604   81650   72776   72338   88252   77085   83257   74400   76934  929388
silicon       74745   73375   75364   74599   80766   73147   66548   91954   81427   86306   84377   79389  941997
sodium        71829   61722   78154   82781   79555   72063   86477   68992   77654   85005   71904   60600  896736
water         70881   78356   73651   73273   83712   76620   81733   75697   76826   78496   71106   79163  919514


Station: BonJovi

                Jan     Feb     Mar     Apr     May     Jun     Jul     Aug     Sep     Oct     Nov     Dec     Tot
chloride      85024  102000  121013   93117  106901  115887  108870  106974  102738  107373   93164   98961 1242022
iron         199707  213751  211169  205344  188285  205721  211128  210923  210295  211313  198929  220245 2486810
magnesium    211507  200176  230832  196341  196297  223570  196954  208490  203326  196852  229599  229324 2523268
potassium     91131  113137   89439  104584  100575   90160  103012  124462   97018  113255  104062   99482 1230317
silicon      213026  203105  170732  208723  218297  215394  211937  189609  183779  195901  190696  209532 2410731
sodium       111125  104053   96687  111087   84963  104309   90068  105207  117360   91156  110022  109182 1235219
water         98620  106565  100078   92740  104110  104745  102261  107469  100013  102025  107380  100205 1226211


Station: Boston

                Jan     Feb     Mar     Apr     May     Jun     Jul     Aug     Sep     Oct     Nov     Dec     Tot
chloride      94263  105670   99833  107755  105696  111190   83053   91193  101168  105812  108080   97139 1210852
iron         111015   26011   96125   26994  111126   26577  106368   26479   90097   26926  117207   27056  791981
magnesium     94601  104259   92563   94267  114425   97611   90727  103019  107501   96169  114587  123757 1233486
potassium     99066  106055  101676  110392   85869   99084   99369  109306  106162  104647  114162   93542 1229330
silicon      102335  105902   96697   88896   89183  106699  101781  104576  119513  118832  106914   96187 1237515
sodium       107086  106768  118392   97856  108130   96362  112863   85047   92009  100182   94833  109495 1229023
water         44180   48525   51264   57850   51716   56273   57281   56066   41728   40006   52053   47416  604358


Station: Chicago

                Jan     Feb     Mar     Apr     May     Jun     Jul     Aug     Sep     Oct     Nov     Dec     Tot
chloride     118362   89176  104190   96345  114715   96670  110847   85867  103372  104894       0  102349 1126787
iron         107485   98680  107425  103829   95807  108033  107867   91736  105803   93459       0  101542 1121666
magnesium    110796  100431  112953  101170  103172   93394   93012  104187  100291  102643       0  109013 1131062
potassium    102324   84759   97719  104226   90115   83792   92630  112173   95126  106263       0   98306 1067433
silicon       98346  110987   91382  100582  114722   97578  103518  109310  113280  107065       0  109728 1156498
sodium        99955  106107  103216   93553  108212  119660   97307   95263  100107  102244       0  101458 1127082
water         96281  104817   98908  103127  108714   91665  112240   93811   90104   99939       0   83250 1082856


Station: Journey

                Jan     Feb     Mar     Apr     May     Jun     Jul     Aug     Sep     Oct     Nov     Dec     Tot
chloride     120213  119331  118295  135543  108943  112724  112364  104030  124202  114279  111655  132225 1413804
iron          95104  116836  124516  114655  116993  105941  113910  102924  102198  112051  128713  119527 1353368
magnesium    120023  101475  126526  124373  101507  106766  107734  113699  114734  113613  110235  109696 1350381
potassium    118142  114312  113681  113952  102602  111286  120883  116164  100228  115129  109044  110258 1345681
silicon      101062  104942  105804  104072  105210  120100  130071  108360  124681  121617  108175  105512 1339606
sodium       115892  132551  117978  103588   98112  130116  100881  124762  108732  121642  115877  114240 1384371
water        115715  110130  101251  100473  107528  115855  109395  124546  108858  118620  112322  104281 1328974


Station: Kansas

                Jan     Feb     Mar     Apr     May     Jun     Jul     Aug     Sep     Oct     Nov     Dec     Tot
chloride      86124  109531  112401   95662   98840   10950    9537   11827  100110   96381  100254  101696  933313
iron         100123  102623  112892   98505   96902   12145   11060    9450  114268   90264  107071  110173  965476
magnesium    101313   90808  100099   98852  107377    9966   10478   10665  106720  105792  115533  106953  964556
potassium    113423  104382  106871  108985   97355    9709    9722   10103   97318   97582  105360   94281  955091
silicon       92419  109534   97845   92893   90627    8749    9688    9897   94953  102119   92524  112958  914206
sodium       108250  109678  102280   89213  109240   10939    8625    8140  108359   89309   89761  102945  936739
water        100139  115788  106585   98985   95273   11017   10980   10024   98289   92725   96704   98410  934919


Station: Survivor

                Jan     Feb     Mar     Apr     May     Jun     Jul     Aug     Sep     Oct     Nov     Dec     Tot
chloride      47305   31900   39819   41814   40484   45485   41401   36745   40375   40751   40176   37408  483663
iron          41351   45181   44985   40522   41171   35845   37811   43758   43151   40036   31032   37363  482206
magnesium     42067   36923   40524   38275   40049   39041   46529   41726   32421   38261   33675   39014  468505
potassium     44635   43312   35127   43160   42308   37516   48100   40405   37348   40120   39046   41621  492698
silicon       44548   41089   40128   35599   41704   41071   41250   39664   43685   39942   43917   41858  494455
sodium        40799   35165   36127   38820   38225   39933   36343   41329   43257   38183   40700   40564  469445
water         35987   35115   41629   44352   42585   43475   40855   39882   44599   40336   35631   41233  485679

*******2046*******

Station: Alabama

                Jan     Feb     Mar     Apr     May     Jun     Jul     Aug     Sep     Oct     Nov     Dec     Tot
chloride      73456   83531   77646   82504   71286   76406   84098   80142   76719   77725   70708   80500  934721
iron          58848   78937   86789   67135   76044   72769   73886   75326   72428   78054   78146   74849  893211
magnesium     64384   74760   76827   72492   64167   72907   75387   89067   78396   81923   74210   75587  900107
potassium     93374   76725   69672   83861   88392   78550   89476   67729   69968   84179   82338   74472  958736
silicon       73853   80676   75993   73324   80774   70586   82087   67047   81586   69569   77986   86849  920330
sodium        61947   76207   89037   71299   87998   70236   85876   87289   82187   73992   83317   82111  951496
water         84123   71894   84523   78418   69325   76285   81015   71653   76506   68960   80637   68989  912328


Station: BonJovi

                Jan     Feb     Mar     Apr     May     Jun     Jul     Aug     Sep     Oct     Nov     Dec     Tot
chloride      93539   87297  104607   95756  103198  105610  103644   93055   92046  105835  106434  101150 1192171
iron         194187  192358  177431  223475  207155  221355  203094  170871  198584  217625  214646  215162 2435943
magnesium    199954  183610  184588  213090  200019  196657  209659  215260  176396  186691  193302  198618 2357844
potassium     97744   97606  114965  101670   98343  111286   96222   97286   89830  107426   94844  105029 1212251
silicon      203922  245276  210993  182793  214914  215949  182743  178656  198890  193571  202509  205649 2435865
sodium       103582   92022   97218  106643   96972  108518  113526   95082  110581   93945  109865   94013 1221967
water        105262  107863   86489  106919   93549  101947   90791  108838   96767   96782   91927   95682 1182816


Station: Boston

                Jan     Feb     Mar     Apr     May     Jun     Jul     Aug     Sep     Oct     Nov     Dec     Tot
chloride      92538   90577   95231  116317  122085  106074   91770  111654  119924   99604   99182  108931 1253887
iron         109479   24232   92045   22628  105039   24909   92479   26729  105908   25154  122340   27035  777977
magnesium    114771  106772   97692  103642  101288  103550  103049  111930  110323  111027  114963   96886 1275893
potassium     99949  101623   98536   89622  103224   91446  105419   91772  110719  110989  102864  119900 1226063
silicon      111381   97105  106397  102107   90904   93235  101261  104729   86828  112610  114721   98915 1220193
sodium       101644   98815  111977   97552  104869   99065   97327  109434  104866   96816   96640  105005 1224010
water         53140   54997   51180   49293   55588   52684   52864   52043   50471   48658   49180   54650  624748


Station: Chicago

                Jan     Feb     Mar     Apr     May     Jun     Jul     Aug     Sep     Oct     Nov     Dec     Tot
chloride     102392  104623   94458   90277  111190   89521   90598   98863  110742  119012   85692  103926 1201294
iron         108198  104011  116779   97692  104874  100231   98421  108522   95314   99099   97304   92470 1222915
magnesium    100009  106655  105155  104897  110747  106027  121293  119643   92026   98168  106411   86610 1257641
potassium    103345  103618   87820   91326  101013  101690   96793  103973  103156  119047  100938   96204 1208923
silicon      104719  116306  102131  124165  104766   92386   98077  112357  114282  100026  103208  108984 1281407
sodium        89711   93864   91683   99974  104197  104993  110234  106255  109661  106269   95201  109714 1221756
water         99946  101194  104802  100461   84227  104246   83382   95693  102216  101882   82256  101946 1162251


Station: Journey

                Jan     Feb     Mar     Apr     May     Jun     Jul     Aug     Sep     Oct     Nov     Dec     Tot
chloride     111640  112561  114431  125091   95660  112781  112286  120290  111622  108840  117364  102793 1345359
iron         108699  115329  109438  117912  100489  120922  109608  116196  113115  125549  117863  101283 1356403
magnesium    116578  119552  126536  109441  107297  108181  117742  110023  104830  113496   94117  122343 1350136
potassium     93671  109426  122816   99646  105549  111542  119650  106924  118180  124528  102720   83882 1298534
silicon      114247  100565  122545  117233  103990  119317  128990  115039  130851  115127   90831   98795 1357530
sodium       106875  107618  118344  108574  119357  118463  111995  115367  108330  103193  107997  119107 1345220
water        131698  121758   94003  106983  120172  112509  130456  115840  120441  111523   98395  105007 1368785


Station: Kansas

                Jan     Feb     Mar     Apr     May     Jun     Jul     Aug     Sep     Oct     Nov     Dec     Tot
chloride      98059   98753  108225   92113   98525    9920   10248   10472  104179  107633   95853  107589  941569
iron          88436   88382  108281  105947  102575   10536   10573    9523   98103  105755  105628   94003  927742
magnesium    112434   88755   91962  114986  107808   10601    9666    9161  103969   95652  116586  104348  965928
potassium    102578  110240   95031   95166  109746   10844   10064   10433  108023   97217  118022   99897  967261
silicon      128506  103907  103799   92989   92131   10365    9807   11415  102211  107538  102356  112226  977250
sodium       102129   90282  118724   97657  110645   10401    9773    8738  115217   99932  100213  105251  968962
water        107218  107939   98878  105843  102833   10460    9452    9330   95153   90965   92363  111053  941487


Station: Survivor

                Jan     Feb     Mar     Apr     May     Jun     Jul     Aug     Sep     Oct     Nov     Dec     Tot
chloride      89010  101004  104414  101832   98869  105302   91503   98169   97475  100998  105492  106842 1200910
iron         107637   99261  101669  101813  118518   92310  105105  104991   87491   89004  100257  108416 1216472
magnesium    106442   97542  106042  106573   90693  113705   99214  101880  113007   84831  104853  101824 1226606
potassium    101683  104656   95036  104830   94804  105203   98372   95975  106960   90985  104037  115050 1217591
silicon       89804  114730   89945  102543  106352   97521  114133  104794   90975   98278  102764   94088 1205927
sodium       108708   94188  107427   84619  109048  116046   99206  103182   89797  110036  112239   98332 1232828
water         94787   93940  100165  124548   93018  100950  105384   95043  105957   99982  104327   98008 1216109

*******2047*******

Station: Alabama

                Jan     Feb     Mar     Apr     May     Jun     Jul     Aug     Sep     Oct     Nov     Dec     Tot
chloride      78325   76093   78003   74842   71143   75393   70823   89604   74280   69679   84397   68575  911157
iron          85069   79725   72975   77814   75938  103337   78936   67470   72359   78626   70716   80875  943840
magnesium     76013   82475   74986   89502   84354   68580   80152   75824   79006   64891   79302   74773  929858
potassium     78654   78476   72197   79858   80384   80698   68190   71125   87610   78003   71498   75025  921718
silicon       74415   67516   73331   82500   77756   74218   73624   74391   68129   78103   60841   80059  884883
sodium        82615   69057   72785   72261   74001   81161   77490   75514   76652   65615   81125   82067  910343
water         79540   80372   73135   88399   72848   77721   75133   86818   77287   70875   78394   64849  925371


Station: BonJovi

                Jan     Feb     Mar     Apr     May     Jun     Jul     Aug     Sep     Oct     Nov     Dec     Tot
chloride      99867  112687   92259   97939   90732  103021   86460  114880  104558   80480  108943   88892 1180718
iron         223172  199505  184407  156722  213804  207755  202927  175931  209235  209137  222546  208850 2413991
magnesium    209287  202410  230391  215737  191262  199194  201124  181815  196054  179879  205166  193675 2405994
potassium     96172  109405  101899   83920   87353  103904  115728  107183   99742   96262   99401   91665 1192634
silicon      213153  199435  204172  200558  215823  204191  199272  240799  174328  216788  212398  188995 2469912
sodium        99553  103233  103486  101921  109414   93443  110987  108916  112233  108245  108696  108285 1268412
water         99928  105667   98296   98047   96441   89985  106107   98616  104184  107546   95587   89570 1189974


Station: Boston

                Jan     Feb     Mar     Apr     May     Jun     Jul     Aug     Sep     Oct     Nov     Dec     Tot
chloride     100572  106049  106518   93637  106296  103210  103443   93418  105642   92190   98699  102697 1212371
iron         102029   23395   99898   26381  102236   25824  102579   22527   87589   25894   90295   25697  734344
magnesium    106951   90779   93228  110961  102095  117230  121649   94045  114459  106691  105673  108392 1272153
potassium    105420   95665   97426  102726   98080  105789  116790   89703  105187  117951  101326  105957 1242020
silicon       92811   97625  113158  108197  112505   95502  108885  102544   94557   88109   90620  104776 1209289
sodium       105344  106832   96525   99005   99023   99059  100968  108180   88658  104867  106130   90171 1204762
water         48893   51555   44272   45055   47020   44764   53385   51343   50461   55459   48416   52339  592962


Station: Chicago

                Jan     Feb     Mar     Apr     May     Jun     Jul     Aug     Sep     Oct     Nov     Dec     Tot
chloride      99305   92289   91108  112796   96541   95410   95247  123712  114702  107079  109507  110274 1247970
iron         100116   90830  102578  109853  102439  110730  114095  101717   99172  104536   92448   96273 1224787
magnesium    106779   82605  104818  109857  112598  107814   91829  120143  109341   93635  109265   99103 1247787
potassium     86008  100732  105408  103128  116908  106847   98720  109175   91733   89102   94084  104758 1206603
silicon       99146  108466  108433  103545   99514   98484  114178  101601  106787  113844  113623  111181 1278802
sodium        92510  112574  117797   90732  115261  102233  105478   99664   86788   97728   98031  113106 1231902
water         95479  102025  102334  101346  100105   98955   99111  103635  102822  112503   99860  109134 1227309


Station: Journey

                Jan     Feb     Mar     Apr     May     Jun     Jul     Aug     Sep     Oct     Nov     Dec     Tot
chloride     104706  106545  103237  134272  107014  108961  108992  104913  112220  102958  120088  118677 1332583
iron          97966  119781  100393  124507  119113   96331  112499  113569   95586  104452  109583  102182 1295962
magnesium    116410  112608  116512  118065  105129   98460   89035  105131  121221  120877  124412  126606 1354466
potassium    114132  122322  115296  107210  109104  113219  117032   95606  113170  115617  110139  115886 1348733
silicon      100716  107889   95322  107526  129360  128354  119070  115571   97575  104429  104371  102033 1312216
sodium       112816  116849  107011   98700  109646  116072  119365  104104  118543  103103  104746  114405 1325360
water        111133  125961  119360  126860  116777   96705  114830  117775  105367  116687  102032  108114 1361601


Station: Kansas

                Jan     Feb     Mar     Apr     May     Jun     Jul     Aug     Sep     Oct     Nov     Dec     Tot
chloride     116080   92613  124969  110450  100896   10103   10096   10107  103289   98092   98582  105722  980999
iron          87451  115059  101278  103527   99664   10139   10798    9422  102153  120158  100593  112235  972477
magnesium    104005  112719  105094   96756  100633    9705   10086    7956   93566  112401  114154   91319  958394
potassium    109034   96704   99298  110922   99457    9575    9538    9220  114630  115117  100553  115413  989461
silicon      111553   98886  104194  100268  100202    9586    9737   10024  107219   94965  113245  111000  970879
sodium       107739  100409   95973  104257  105398   11177    9405   11013  106903  100361  112219  100328  965182
water         97487   96142  108903   91181   92936    9874   10258   10787  103791  109590   99787   88180  918916


Station: Survivor

                Jan     Feb     Mar     Apr     May     Jun     Jul     Aug     Sep     Oct     Nov     Dec     Tot
chloride     116788  105847  129875  103791  116600  128887  125229  123433  127912  121738  121144  107684 1428928
iron         135672  134416  124325   98089  122957  130088  116098  127606  123613  121833  133133  121232 1489062
magnesium    133131  112336  127900  122546  114042  118222  127442  128905  126359  127654  128424  122360 1489321
potassium    122556  125576  136904  127092  125708  121594  109255  122824  124247  130525  125315  112392 1483988
silicon      119027  136434  139978  139927  114663  117823   99310  110934  141048  126058  125215  125617 1496034
sodium       114272  127889  113388  116621  131853  121860  120127  120780  111076  120803  124344  129608 1452621
water        140111  120336  105575  119513  113715  119339  123876  117583  117183  129532  121626  129100 1457489

*******2045*******
               Alabama    BonJovi     Boston    Chicago    Journey     Kansas   Survivor
chloride        893034    1242022    1210852    1126787    1413804     933313     483663
iron            954514    2486810     791981    1121666    1353368     965476     482206
magnesium       882181    2523268    1233486    1131062    1350381     964556     468505
potassium       929388    1230317    1229330    1067433    1345681     955091     492698
silicon         941997    2410731    1237515    1156498    1339606     914206     494455
sodium          896736    1235219    1229023    1127082    1384371     936739     469445
water           919514    1226211     604358    1082856    1328974     934919     485679
      Total    6417364   12354578    7536545    7813384    9516185    6604300    3376651

*******2046*******
               Alabama    BonJovi     Boston    Chicago    Journey     Kansas   Survivor
chloride        934721    1192171    1253887    1201294    1345359     941569    1200910
iron            893211    2435943     777977    1222915    1356403     927742    1216472
magnesium       900107    2357844    1275893    1257641    1350136     965928    1226606
potassium       958736    1212251    1226063    1208923    1298534     967261    1217591
silicon         920330    2435865    1220193    1281407    1357530     977250    1205927
sodium          951496    1221967    1224010    1221756    1345220     968962    1232828
water           912328    1182816     624748    1162251    1368785     941487    1216109
      Total    6470929   12038857    7602771    8556187    9421967    6690199    8516443

*******2047*******
               Alabama    BonJovi     Boston    Chicago    Journey     Kansas   Survivor
chloride        911157    1180718    1212371    1247970    1332583     980999    1428928
iron            943840    2413991     734344    1224787    1295962     972477    1489062
magnesium       929858    2405994    1272153    1247787    1354466     958394    1489321
potassium       921718    1192634    1242020    1206603    1348733     989461    1483988
silicon         884883    2469912    1209289    1278802    1312216     970879    1496034
sodium          910343    1268412    1204762    1231902    1325360     965182    1452621
water           925371    1189974     592962    1227309    1361601     918916    1457489
      Total    6427170   12121635    7467901    8665160    9330921    6756308   10297443

