*******2045*******

Station: Alabama

                Jan     Feb     Mar     Apr     May     Jun     Jul     Aug     Sep     Oct     Nov     Dec     Tot
chloride         99     692     520     338       0       0     201    1422       0    1362     971    1810    7415
iron            736    1154     545    1229     329     821     112     549    1623     922     563    1280    9863
magnesium       471    1211     843    1666     714     154     952       0     657    1838       0       0    8506
potassium       983    1271     868       0     255     522     736     885       0     654    1201     752    8127
silicon        2670     605    1256     259     460       0    1305     603      79    2435     888     930   11490
sodium           92    1315    1115       0     235    1022     655     212     752     263     636     728    7025
water           320       0    1720       0    1220     281      48       0     283       0    1395     738    6005


Station: BonJovi

                Jan     Feb     Mar     Apr     May     Jun     Jul     Aug     Sep     Oct     Nov     Dec     Tot
chloride        690    1540    2808    1828     915     984     513     186    1842    3432     963    1067   16768
iron           1856    1274    3816    1682    2446       0    2041    3425     542     453    2994    3666   24195
magnesium      5613       0     801       0       0    1690    2006     134       0    2286     563    3814   16907
potassium       533     562     917    1130    2264     297     396     649    1094    2640     427    1355   12264
silicon         890    2669    6085      45    4390    1792    3510    4187    2194       0     650     136   26548
sodium          133     578    2927     732    1828     670     821     538     892     768     295    1372   11554
water             0     946       0    1501       0    1631    2385     130     703     733     892    1735   10656


Station: Boston

                Jan     Feb     Mar     Apr     May     Jun     Jul     Aug     Sep     Oct     Nov     Dec     Tot
chloride          0    2587     309     793     256    1069     978    2378    1419    1683       0     382   11854
iron            281     144     316     190     803      22    2085     124       0       0    1108     179    5252
magnesium      2789     617     989    1686     730    1921    1970    2012    1437     933    1524     902   17510
potassium         0     588    1155     435    2752      31    1146    2244    2552    1026    1652     436   14017
silicon        1498    1915    1250    1227    1804    1660     888    1376     454      93    1037     427   13629
sodium          378    2285       0     640    1141     411     956     675    1449     544    1676    1088   11243
water           314      13     443     301     843    1209     244     719     714     953     937     396    7086


Station: Chicago

                Jan     Feb     Mar     Apr     May     Jun     Jul     Aug     Sep     Oct     Nov     Dec     Tot
chloride       1064     629     913    1822    1291    1075    2099     748    1607     813       0       0   12061
iron           1247    1440     215     633    1040     775     772    2500    1004     565       0     701   10892
magnesium       349     521    1795    2516    1256    1328    1906    3133    3159     778       0    1700   18441
potassium      1919     266     675    1541     684    2572       0       0    2536     712       0     395   11300
silicon          76     342      12     870    1541    1710     578     656     425      10       0    1341    7561
sodium         1409    1205     457       0     743    1199     164       0     744    1172       0    1830    8923
water          1024     419     451    2231    1496     623     387    1436    1862    1384       0       0   11313


Station: Journey

                Jan     Feb     Mar     Apr     May     Jun     Jul     Aug     Sep     Oct     Nov     Dec     Tot
chloride        994    1622    1346     442     805       0     432       0    1720     525     592    1928   10406
iron           1828    1204     790    2793    1262    1168    2055    1022     339    3269    1067       0   16797
magnesium       204    1535    1336    2166    1061     832    4265    1456    1133     578       5    1786   16357
potassium      1491       0    1014       0    1270    1817       0    1041    2287       0    5279     368   14567
silicon        2945    1751       0     603     741    1066    1638    2187       0    1336     643     578   13488
sodium          943    1016     475     692    2063       0    1232    2448     579    1343       0    1626   12417
water             0       0    1761    2514    2089    1109       0    1802    2753    2554     973     769   16324


Station: Kansas

                Jan     Feb     Mar     Apr     May     Jun     Jul     Aug     Sep     Oct     Nov     Dec     Tot
chloride          0     552     545     918     110       0       0     125      77     233     501       0    3061
iron            617    1078     651    1119      39     292      45     103     337     733    1233     643    6890
magnesium         0     669     286     903     315       0     153       0    1571      66    1673    1310    6946
potassium      1628     243    1329     286    1154      30     210     140    1059     884    1671     396    9030
silicon           0     390     730     411     725      86     185      79     694     104     482    1343    5229
sodium          513       0     375    1910     634      41      45     164    2711     953     873    1288    9507
water          2154    1033     697    1539    2785      10     137      89       0     835    1872       0   11151


Station: Survivor

                Jan     Feb     Mar     Apr     May     Jun     Jul     Aug     Sep     Oct     Nov     Dec     Tot
chloride       1313     931      96     512      97     578       0      90     118       0     401       0    4136
iron            321     243     636     413      63     861     438       0     330     455    1074     602    5436
magnesium       720     522     712     362     764     568       0     865     229     478      13     123    5356
potassium         0     426       0     761     473     359     596       0     128     235     570     988    4536
silicon         759     413     556     250       0     282     126     172      99       0    1360     120    4137
sodium          138     545     567     399      17     404     517     480     387     487     368     752    5061
water           355    1206     208       0       0     553    1210      64     106     569    1024     829    6124

*******2046*******

Station: Alabama

                Jan     Feb     Mar     Apr     May     Jun     Jul     Aug     Sep     Oct     Nov     Dec     Tot
chloride       2823     329     992     919    1407     427     591     939    1152     330     529       0   10438
iron              0     480     539     353    1032    2226     354     482    2110     486      91     382    8535
magnesium       215     396     518     449    1395    1142    1003     564    1429     256     686    1539    9592
potassium       937    2143    1468     849    2786    1230     474    1257     856    1161     713    1060   14934
silicon        1120     823    1989    1703    1577     752     746    1392     100     460     646     691   11999
sodium         2356    1045     400    1567     694     591    2217     582     546    1289       2    3189   14478
water           242     135    1549       0       0     642    1115     178     314       0     393    1290    5858


Station: BonJovi

                Jan     Feb     Mar     Apr     May     Jun     Jul     Aug     Sep     Oct     Nov     Dec     Tot
chloride       1680    2380     395    1963      22     384     254    1149     514    1720     280    1302   12043
iron           5009    1581     113    3713     432    1159    1770     974    1295    2602    1184    1889   21721
magnesium       988    1605     317       0    1452    1013     251    2625    2973    1335    1825    2130   16514
potassium       290    1162    1909    1002     177     727       0       0       0     895    1383    2350    9895
silicon        3142     216    1784       0    3738    1936     170    1232     706   11899     496    3459   28778
sodium          365    1751    2766       0     458       0     329    2268    1372    1269    1479     969   13026
water           568    3790     959       0     786    1131       0     228     193     597    3693    3195   15140


Station: Boston

                Jan     Feb     Mar     Apr     May     Jun     Jul     Aug     Sep     Oct     Nov     Dec     Tot
chloride        704    1393    1453     606     585       7    1853    1392    1647     642     610     879   11771
iron           1637     459       0     118     333      39    2212       0     229     102    1153     423    6705
magnesium      1148     533     773     118    1151     427    1825    1000     237    1486     608       0    9306
potassium       675     718     845       0     987     273    4180    1956    1762    1309       0    1467   14172
silicon        1450    1587    1362    2064     138    2070    3414     665     541       0    1388    1120   15799
sodium            0    1810     719    1384    1039    1101    2067     732       0    1983     707       0   11542
water           787       0    1221    1143     788     146       0     545     547     783     204     783    6947


Station: Chicago

                Jan     Feb     Mar     Apr     May     Jun     Jul     Aug     Sep     Oct     Nov     Dec     Tot
chloride       1020    1498     614     572    1500       0     188    1381      21     956     398      37    8185
iron              0    1443    1353    1790    1422      69     566     298     304    1465     325    1142   10177
magnesium       409       0     156    3240     996     398    1842    4088     599    1424     454     351   13957
potassium       870    1731     226    1422    1474    1275       0       0     871     818     517    1762   10966
silicon         745     308    1153    2019    1881    1094    1478       0       0     848    1114    1023   11663
sodium          687    1456    1764     903       0    2158    1092    1725     652       0     155    1050   11642
water            73       0       0     415       0    1741     243    1806    2562     249    1731     141    8961


Station: Journey

                Jan     Feb     Mar     Apr     May     Jun     Jul     Aug     Sep     Oct     Nov     Dec     Tot
chloride       2077      70     749    3148     702     147    1082       0     389     533    1692    1030   11619
iron              0     381     651    3547    1135     774       0       0    1471    1818    1267     416   11460
magnesium      1180    1562       0       0    2956    1998    4386    1377    1588     560    2581     724   18912
potassium       907    2002    1372     397     945    1110       0    1802       0       0     806    2638   11979
silicon          87    1162     853    1677    2548    1906    1504       0     331     783    1975     149   12975
sodium          438    1155     187     757    2202    2362       0    1233    2514     392    2769     916   14925
water          2218      51     346     316     782     580     771    2350    2665     696       0     127   10902


Station: Kansas

                Jan     Feb     Mar     Apr     May     Jun     Jul     Aug     Sep     Oct     Nov     Dec     Tot
chloride       1770    1306     126     692    2302       0     144      85    1776       0     972     860   10033
iron            632    1156    1544    2748       0      31      72     187    1541    1335    1844    1962   13052
magnesium      1938    1988     737     879    1993     196      70       0       0    2098     968     832   11699
potassium       968     142     287    1091       0     229      47      32     869     828     355     920    5768
silicon         892       0    1671     898       0     182     102     267     553    1900    2760       0    9225
sodium         1373     951    2057     743     428      55     172     151    1953       0    1060     778    9721
water          2266    1250    1513    2186    1961     170     139      51    2325    2117    2700     259   16937


Station: Survivor

                Jan     Feb     Mar     Apr     May     Jun     Jul     Aug     Sep     Oct     Nov     Dec     Tot
chloride        648     958     977     772     645    1093     860     361    1190       0    1659    1545   10708
iron            496     143     113     989     384     512    1301     982    1537     315     289       0    7061
magnesium       506     276     780     236    1522    3660     603     323     458    1527     892     997   11780
potassium      1343    1134     912    1581     156     531     739    1429    2347       0     696     384   11252
silicon        1015       0       0     304     609     410    2129    3411    1207    2617    1436     420   13558
sodium          104       0     243      53     269     458     963       0    1612     370    1098     935    6105
water            18    1929       0    2536     665       0     606     926       0    2200     521    1247   10648

*******2047*******

Station: Alabama

                Jan     Feb     Mar     Apr     May     Jun     Jul     Aug     Sep     Oct     Nov     Dec     Tot
chloride        571    1044     592     294    1450     227     330     113     778    1572    1123     907    9001
iron            201     662    1349     848      23    1043     647     643     301     470    1426     861    8474
magnesium      1351       0    1045     727    1110    1716       0    1360    1652    1122    1336    1180   12599
potassium      1044     892     589     252     715     483     640     374     810     295     116    3190    9400
silicon         520    1634     566     515     363       0    1270    1530     996      21    1459    1243   10117
sodium          233     867    1396     804     523    1234    1189     759     476    1032       0     717    9230
water             0    1863     359       0    1438     249    1375    1552    1209     804     497     852   10198


Station: BonJovi

                Jan     Feb     Mar     Apr     May     Jun     Jul     Aug     Sep     Oct     Nov     Dec     Tot
chloride       2060    2723       0     675     657     968      67     465    1757     699    1031      81   11183
iron           5931    1346    4968    1531    4747    1278       0    1695    3831    2713    1893    1741   31674
magnesium       993     946    1850    1308    1184    3934    5649    2467    2379    2897    2701       0   26308
potassium         0     660       0    1884     948     729       0    1816    1295     313    1220     451    9316
silicon        3209    2561     994    6699    1605     885    1048    2421       0       0    1547    1904   22873
sodium         1157    2320    1533       5     246     470     501     999       0    1286    2464     373   11354
water           332    2132    2133     339     471     954       0    1247       0    1078     486     917   10089


Station: Boston

                Jan     Feb     Mar     Apr     May     Jun     Jul     Aug     Sep     Oct     Nov     Dec     Tot
chloride          0    1873     166    1660    1840     803      66    1207       0     939     424     553    9531
iron           1515      42    2712     278    2016     550    1339     899    1173     520       0     540   11584
magnesium      1033       0    1382     488      88     956    1049       0     234    1322     366    1083    8001
potassium      2129     809       0     234    5309    1063    1006    2201     901    2147    2105     775   18679
silicon        2106    1401    2036    2188       0     854     169     646    2326       0     756    1607   14089
sodium         1727    1021    1877     309    1639    1117     126      41     672    2506    1039    1928   14002
water           641     207    1137      64     480     202       0     173     890     897    1039    1846    7576


Station: Chicago

                Jan     Feb     Mar     Apr     May     Jun     Jul     Aug     Sep     Oct     Nov     Dec     Tot
chloride        203     209    1106       0     849    2478    1769    1106     868    1646     188    1542   11964
iron           2426       0     433    2254     973    2217     966       0     175     503    1342       0   11289
magnesium       448    1728    1327       0    1759     202    1297     549     665    1133    1123    1456   11687
potassium         0    2678     549     492     662    1403     920    1081    1728     231    1486     616   11846
silicon        3053    1390     369     929    1115     936     274       0    1965       0     234    1094   11359
sodium            0    1585    1776     286    1611    1939       0     597      41     977     764     100    9676
water           292     733    1226     608       0     579     788    1688       0     106     300    1469    7789


Station: Journey

                Jan     Feb     Mar     Apr     May     Jun     Jul     Aug     Sep     Oct     Nov     Dec     Tot
chloride        682    1743       0    1988     796    1314    1258    1546    1503    1288    1445     997   14560
iron           1684     866    2591       0    1823    2424    3586    1978       0     993       0    3868   19813
magnesium      2021    1830    1615    2646    3149    1841     275    1209       0    1003    1040     648   17277
potassium      1275    1266      48    1015     691     554    4210     273    1711     690    2989       0   14722
silicon         332     737    1831    1001    1768     378    3088    2020       0       0     542      71   11768
sodium            0       0     440    2445     472     191     779    1600    2690     469    1967    3007   14060
water           367     750    2207    1661     538     997    1821     810    1810      89    2977    1251   15278


Station: Kansas

                Jan     Feb     Mar     Apr     May     Jun     Jul     Aug     Sep     Oct     Nov     Dec     Tot
chloride        507     306    1235    1267     433       0      22      95    1763    1268      36    1008    7940
iron            963      87     786    2645     170       0      22       0     233     827     283    1573    7589
magnesium         0     243      11     524    1346      84      59     247    1015     994      71     732    5326
potassium       787     824     195    1739    1378     264     180     185     772     972    2061     920   10277
silicon           0    3559     244    1409    1090     128      16       0     718     424    1709    1710   11007
sodium         2938       0    1164       0     557     202       0     153    2310     828    1556     809   10517
water          2092       0    2067     294    1977      97       0      78       0    1040     281     346    8272


Station: Survivor

                Jan     Feb     Mar     Apr     May     Jun     Jul     Aug     Sep     Oct     Nov     Dec     Tot
chloride       2813     620    2310    3049       0    3208    1803    2450     818    2990    1001     549   21611
iron           1011       0     190    1104    1177       0    1689     380    1550       0     445     670    8216
magnesium      1126    1625     521     949     788    1160    1223       0    1623    1208       0     980   11203
potassium         0    3810    1431       0    2920    2028    1966     787     447    1069       0     431   14889
silicon        1080     164       0     339    1026       4    1492     245    2850    1561     906    2136   11803
sodium         2559    1230    1804       0    1347    1452    1208     646    1382    1516    2731      56   15931
water             0     350    3434    2296       0     835     892    1250    2836    2058    1379       0   15330

*******2045*******
               Alabama    BonJovi     Boston    Chicago    Journey     Kansas   Survivor
chloride          7415      16768      11854      12061      10406       3061       4136
iron              9863      24195       5252      10892      16797       6890       5436
magnesium         8506      16907      17510      18441      16357       6946       5356
potassium         8127      12264      14017      11300      14567       9030       4536
silicon          11490      26548      13629       7561      13488       5229       4137
sodium            7025      11554      11243       8923      12417       9507       5061
water             6005      10656       7086      11313      16324      11151       6124
      Total      58431     118892      80591      80491     100356      51814      34786

*******2046*******
               Alabama    BonJovi     Boston    Chicago    Journey     Kansas   Survivor
chloride         10438      12043      11771       8185      11619      10033      10708
iron              8535      21721       6705      10177      11460      13052       7061
magnesium         9592      16514       9306      13957      18912      11699      11780
potassium        14934       9895      14172      10966      11979       5768      11252
silicon          11999      28778      15799      11663      12975       9225      13558
sodium           14478      13026      11542      11642      14925       9721       6105
water             5858      15140       6947       8961      10902      16937      10648
      Total      75834     117117      76242      75551      92772      76435      71112

*******2047*******
               Alabama    BonJovi     Boston    Chicago    Journey     Kansas   Survivor
chloride          9001      11183       9531      11964      14560       7940      21611
iron              8474      31674      11584      11289      19813       7589       8216
magnesium        12599      26308       8001      11687      17277       5326      11203
potassium         9400       9316      18679      11846      14722      10277      14889
silicon          10117      22873      14089      11359      11768      11007      11803
sodium            9230      11354      14002       9676      14060      10517      15931
water            10198      10089       7576       7789      15278       8272      15330
      Total      69019     122797      83462      75610     107478      60928      98983

