*******2045*******

Station: Alabama

                Jan     Feb     Mar     Apr     May     Jun     Jul     Aug     Sep     Oct     Nov     Dec     Tot
chloride          1      50      99     148     197     246     295     344     393     442     491     540    3246
iron              2      51     100     149     198     247     296     345     394     443     492     541    3258
magnesium         3      52     101     150     199     248     297     346     395     444     493     542    3270
potassium         4      53     102     151     200     249     298     347     396     445     494     543    3282
silicon           5      54     103     152     201     250     299     348     397     446     495     544    3294
sodium            6      55     104     153     202     251     300     349     398     447     496     545    3306
water             7      56     105     154     203     252     301     350     399     448     497     546    3318


Station: BonJovi

                Jan     Feb     Mar     Apr     May     Jun     Jul     Aug     Sep     Oct     Nov     Dec     Tot
chloride          8      57     106     155     204     253     302     351     400     449     498     547    3330
iron              9      58     107     156     205     254     303     352     401     450     499     548    3342
magnesium        10      59     108     157     206     255     304     353     402     451     500     549    3354
potassium        11      60     109     158     207     256     305     354     403     452     501     550    3366
silicon          12      61     110     159     208     257     306     355     404     453     502     551    3378
sodium           13      62     111     160     209     258     307     356     405     454     503     552    3390
water            14      63     112     161     210     259     308     357     406     455     504     553    3402


Station: Boston

                Jan     Feb     Mar     Apr     May     Jun     Jul     Aug     Sep     Oct     Nov     Dec     Tot
chloride         15      64     113     162     211     260     309     358     407     456     505     554    3414
iron             16      65     114     163     212     261     310     359     408     457     506     555    3426
magnesium        17      66     115     164     213     262     311     360     409     458     507     556    3438
potassium        18      67     116     165     214     263     312     361     410     459     508     557    3450
silicon          19      68     117     166     215     264     313     362     411     460     509     558    3462
sodium           20      69     118     167     216     265     314     363     412     461     510     559    3474
water            21      70     119     168     217     266     315     364     413     462     511     560    3486


Station: Chicago

                Jan     Feb     Mar     Apr     May     Jun     Jul     Aug     Sep     Oct     Nov     Dec     Tot
chloride         22      71     120     169     218     267     316     365     414     463     512     561    3498
iron             23      72     121     170     219     268     317     366     415     464     513     562    3510
magnesium        24      73     122     171     220     269     318     367     416     465     514     563    3522
potassium        25      74     123     172     221     270     319     368     417     466     515     564    3534
silicon          26      75     124     173     222     271     320     369     418     467     516     565    3546
sodium           27      76     125     174     223     272     321     370     419     468     517     566    3558
water            28      77     126     175     224     273     322     371     420     469     518     567    3570


Station: Journey

                Jan     Feb     Mar     Apr     May     Jun     Jul     Aug     Sep     Oct     Nov     Dec     Tot
chloride         29      78     127     176     225     274     323     372     421     470     519     568    3582
iron             30      79     128     177     226     275     324     373     422     471     520     569    3594
magnesium        31      80     129     178     227     276     325     374     423     472     521     570    3606
potassium        32      81     130     179     228     277     326     375     424     473     522     571    3618
silicon          33      82     131     180     229     278     327     376     425     474     523     572    3630
sodium           34      83     132     181     230     279     328     377     426     475     524     573    3642
water            35      84     133     182     231     280     329     378     427     476     525     574    3654


Station: Kansas

                Jan     Feb     Mar     Apr     May     Jun     Jul     Aug     Sep     Oct     Nov     Dec     Tot
chloride         36      85     134     183     232     281     330     379     428     477     526     575    3666
iron             37      86     135     184     233     282     331     380     429     478     527     576    3678
magnesium        38      87     136     185     234     283     332     381     430     479     528     577    3690
potassium        39      88     137     186     235     284     333     382     431     480     529     578    3702
silicon          40      89     138     187     236     285     334     383     432     481     530     579    3714
sodium           41      90     139     188     237     286     335     384     433     482     531     580    3726
water            42      91     140     189     238     287     336     385     434     483     532     581    3738


Station: Survivor

                Jan     Feb     Mar     Apr     May     Jun     Jul     Aug     Sep     Oct     Nov     Dec     Tot
chloride         43      92     141     190     239     288     337     386     435     484     533     582    3750
iron             44      93     142     191     240     289     338     387     436     485     534     583    3762
magnesium        45      94     143     192     241     290     339     388     437     486     535     584    3774
potassium        46      95     144     193     242     291     340     389     438     487     536     585    3786
silicon          47      96     145     194     243     292     341     390     439     488     537     586    3798
sodium           48      97     146     195     244     293     342     391     440     489     538     587    3810
water            49      98     147     196     245     294     343     392     441     490     539     588    3822

*******2046*******

Station: Alabama

                Jan     Feb     Mar     Apr     May     Jun     Jul     Aug     Sep     Oct     Nov     Dec     Tot
chloride        589     638     687     736     785     834     883     932     981    1030    1079    1128   10302
iron            590     639     688     737     786     835     884     933     982    1031    1080    1129   10314
magnesium       591     640     689     738     787     836     885     934     983    1032    1081    1130   10326
potassium       592     641     690     739     788     837     886     935     984    1033    1082    1131   10338
silicon         593     642     691     740     789     838     887     936     985    1034    1083    1132   10350
sodium          594     643     692     741     790     839     888     937     986    1035    1084    1133   10362
water           595     644     693     742     791     840     889     938     987    1036    1085    1134   10374


Station: BonJovi

                Jan     Feb     Mar     Apr     May     Jun     Jul     Aug     Sep     Oct     Nov     Dec     Tot
chloride        596     645     694     743     792     841     890     939     988    1037    1086    1135   10386
iron            597     646     695     744     793     842     891     940     989    1038    1087    1136   10398
magnesium       598     647     696     745     794     843     892     941     990    1039    1088    1137   10410
potassium       599     648     697     746     795     844     893     942     991    1040    1089    1138   10422
silicon         600     649     698     747     796     845     894     943     992    1041    1090    1139   10434
sodium          601     650     699     748     797     846     895     944     993    1042    1091    1140   10446
water           602     651     700     749     798     847     896     945     994    1043    1092    1141   10458


Station: Boston

                Jan     Feb     Mar     Apr     May     Jun     Jul     Aug     Sep     Oct     Nov     Dec     Tot
chloride        603     652     701     750     799     848     897     946     995    1044    1093    1142   10470
iron            604     653     702     751     800     849     898     947     996    1045    1094    1143   10482
magnesium       605     654     703     752     801     850     899     948     997    1046    1095    1144   10494
potassium       606     655     704     753     802     851     900     949     998    1047    1096    1145   10506
silicon         607     656     705     754     803     852     901     950     999    1048    1097    1146   10518
sodium          608     657     706     755     804     853     902     951    1000    1049    1098    1147   10530
water           609     658     707     756     805     854     903     952    1001    1050    1099    1148   10542


Station: Chicago

                Jan     Feb     Mar     Apr     May     Jun     Jul     Aug     Sep     Oct     Nov     Dec     Tot
chloride        610     659     708     757     806     855     904     953    1002    1051    1100    1149   10554
iron            611     660     709     758     807     856     905     954    1003    1052    1101    1150   10566
magnesium       612     661     710     759     808     857     906     955    1004    1053    1102    1151   10578
potassium       613     662     711     760     809     858     907     956    1005    1054    1103    1152   10590
silicon         614     663     712     761     810     859     908     957    1006    1055    1104    1153   10602
sodium          615     664     713     762     811     860     909     958    1007    1056    1105    1154   10614
water           616     665     714     763     812     861     910     959    1008    1057    1106    1155   10626


Station: Journey

                Jan     Feb     Mar     Apr     May     Jun     Jul     Aug     Sep     Oct     Nov     Dec     Tot
chloride        617     666     715     764     813     862     911     960    1009    1058    1107    1156   10638
iron            618     667     716     765     814     863     912     961    1010    1059    1108    1157   10650
magnesium       619     668     717     766     815     864     913     962    1011    1060    1109    1158   10662
potassium       620     669     718     767     816     865     914     963    1012    1061    1110    1159   10674
silicon         621     670     719     768     817     866     915     964    1013    1062    1111    1160   10686
sodium          622     671     720     769     818     867     916     965    1014    1063    1112    1161   10698
water           623     672     721     770     819     868     917     966    1015    1064    1113    1162   10710


Station: Kansas

                Jan     Feb     Mar     Apr     May     Jun     Jul     Aug     Sep     Oct     Nov     Dec     Tot
chloride        624     673     722     771     820     869     918     967    1016    1065    1114    1163   10722
iron            625     674     723     772     821     870     919     968    1017    1066    1115    1164   10734
magnesium       626     675     724     773     822     871     920     969    1018    1067    1116    1165   10746
potassium       627     676     725     774     823     872     921     970    1019    1068    1117    1166   10758
silicon         628     677     726     775     824     873     922     971    1020    1069    1118    1167   10770
sodium          629     678     727     776     825     874     923     972    1021    1070    1119    1168   10782
water           630     679     728     777     826     875     924     973    1022    1071    1120    1169   10794


Station: Survivor

                Jan     Feb     Mar     Apr     May     Jun     Jul     Aug     Sep     Oct     Nov     Dec     Tot
chloride        631     680     729     778     827     876     925     974    1023    1072    1121    1170   10806
iron            632     681     730     779     828     877     926     975    1024    1073    1122    1171   10818
magnesium       633     682     731     780     829     878     927     976    1025    1074    1123    1172   10830
potassium       634     683     732     781     830     879     928     977    1026    1075    1124    1173   10842
silicon         635     684     733     782     831     880     929     978    1027    1076    1125    1174   10854
sodium          636     685     734     783     832     881     930     979    1028    1077    1126    1175   10866
water           637     686     735     784     833     882     931     980    1029    1078    1127    1176   10878

*******2047*******

Station: Alabama

                Jan     Feb     Mar     Apr     May     Jun     Jul     Aug     Sep     Oct     Nov     Dec     Tot
chloride       1177    1226    1275    1324    1373    1422    1471    1520    1569    1618    1667    1716   17358
iron           1178    1227    1276    1325    1374    1423    1472    1521    1570    1619    1668    1717   17370
magnesium      1179    1228    1277    1326    1375    1424    1473    1522    1571    1620    1669    1718   17382
potassium      1180    1229    1278    1327    1376    1425    1474    1523    1572    1621    1670    1719   17394
silicon        1181    1230    1279    1328    1377    1426    1475    1524    1573    1622    1671    1720   17406
sodium         1182    1231    1280    1329    1378    1427    1476    1525    1574    1623    1672    1721   17418
water          1183    1232    1281    1330    1379    1428    1477    1526    1575    1624    1673    1722   17430


Station: BonJovi

                Jan     Feb     Mar     Apr     May     Jun     Jul     Aug     Sep     Oct     Nov     Dec     Tot
chloride       1184    1233    1282    1331    1380    1429    1478    1527    1576    1625    1674    1723   17442
iron           1185    1234    1283    1332    1381    1430    1479    1528    1577    1626    1675    1724   17454
magnesium      1186    1235    1284    1333    1382    1431    1480    1529    1578    1627    1676    1725   17466
potassium      1187    1236    1285    1334    1383    1432    1481    1530    1579    1628    1677    1726   17478
silicon        1188    1237    1286    1335    1384    1433    1482    1531    1580    1629    1678    1727   17490
sodium         1189    1238    1287    1336    1385    1434    1483    1532    1581    1630    1679    1728   17502
water          1190    1239    1288    1337    1386    1435    1484    1533    1582    1631    1680    1729   17514


Station: Boston

                Jan     Feb     Mar     Apr     May     Jun     Jul     Aug     Sep     Oct     Nov     Dec     Tot
chloride       1191    1240    1289    1338    1387    1436    1485    1534    1583    1632    1681    1730   17526
iron           1192    1241    1290    1339    1388    1437    1486    1535    1584    1633    1682    1731   17538
magnesium      1193    1242    1291    1340    1389    1438    1487    1536    1585    1634    1683    1732   17550
potassium      1194    1243    1292    1341    1390    1439    1488    1537    1586    1635    1684    1733   17562
silicon        1195    1244    1293    1342    1391    1440    1489    1538    1587    1636    1685    1734   17574
sodium         1196    1245    1294    1343    1392    1441    1490    1539    1588    1637    1686    1735   17586
water          1197    1246    1295    1344    1393    1442    1491    1540    1589    1638    1687    1736   17598


Station: Chicago

                Jan     Feb     Mar     Apr     May     Jun     Jul     Aug     Sep     Oct     Nov     Dec     Tot
chloride       1198    1247    1296    1345    1394    1443    1492    1541    1590    1639    1688    1737   17610
iron           1199    1248    1297    1346    1395    1444    1493    1542    1591    1640    1689    1738   17622
magnesium      1200    1249    1298    1347    1396    1445    1494    1543    1592    1641    1690    1739   17634
potassium      1201    1250    1299    1348    1397    1446    1495    1544    1593    1642    1691    1740   17646
silicon        1202    1251    1300    1349    1398    1447    1496    1545    1594    1643    1692    1741   17658
sodium         1203    1252    1301    1350    1399    1448    1497    1546    1595    1644    1693    1742   17670
water          1204    1253    1302    1351    1400    1449    1498    1547    1596    1645    1694    1743   17682


Station: Journey

                Jan     Feb     Mar     Apr     May     Jun     Jul     Aug     Sep     Oct     Nov     Dec     Tot
chloride       1205    1254    1303    1352    1401    1450    1499    1548    1597    1646    1695    1744   17694
iron           1206    1255    1304    1353    1402    1451    1500    1549    1598    1647    1696    1745   17706
magnesium      1207    1256    1305    1354    1403    1452    1501    1550    1599    1648    1697    1746   17718
potassium      1208    1257    1306    1355    1404    1453    1502    1551    1600    1649    1698    1747   17730
silicon        1209    1258    1307    1356    1405    1454    1503    1552    1601    1650    1699    1748   17742
sodium         1210    1259    1308    1357    1406    1455    1504    1553    1602    1651    1700    1749   17754
water          1211    1260    1309    1358    1407    1456    1505    1554    1603    1652    1701    1750   17766


Station: Kansas

                Jan     Feb     Mar     Apr     May     Jun     Jul     Aug     Sep     Oct     Nov     Dec     Tot
chloride       1212    1261    1310    1359    1408    1457    1506    1555    1604    1653    1702    1751   17778
iron           1213    1262    1311    1360    1409    1458    1507    1556    1605    1654    1703    1752   17790
magnesium      1214    1263    1312    1361    1410    1459    1508    1557    1606    1655    1704    1753   17802
potassium      1215    1264    1313    1362    1411    1460    1509    1558    1607    1656    1705    1754   17814
silicon        1216    1265    1314    1363    1412    1461    1510    1559    1608    1657    1706    1755   17826
sodium         1217    1266    1315    1364    1413    1462    1511    1560    1609    1658    1707    1756   17838
water          1218    1267    1316    1365    1414    1463    1512    1561    1610    1659    1708    1757   17850


Station: Survivor

                Jan     Feb     Mar     Apr     May     Jun     Jul     Aug     Sep     Oct     Nov     Dec     Tot
chloride       1219    1268    1317    1366    1415    1464    1513    1562    1611    1660    1709    1758   17862
iron           1220    1269    1318    1367    1416    1465    1514    1563    1612    1661    1710    1759   17874
magnesium      1221    1270    1319    1368    1417    1466    1515    1564    1613    1662    1711    1760   17886
potassium      1222    1271    1320    1369    1418    1467    1516    1565    1614    1663    1712    1761   17898
silicon        1223    1272    1321    1370    1419    1468    1517    1566    1615    1664    1713    1762   17910
sodium         1224    1273    1322    1371    1420    1469    1518    1567    1616    1665    1714    1763   17922
water          1225    1274    1323    1372    1421    1470    1519    1568    1617    1666    1715    1764   17934

*******2045*******
               Alabama    BonJovi     Boston    Chicago    Journey     Kansas   Survivor
chloride          3246       3330       3414       3498       3582       3666       3750
iron              3258       3342       3426       3510       3594       3678       3762
magnesium         3270       3354       3438       3522       3606       3690       3774
potassium         3282       3366       3450       3534       3618       3702       3786
silicon           3294       3378       3462       3546       3630       3714       3798
sodium            3306       3390       3474       3558       3642       3726       3810
water             3318       3402       3486       3570       3654       3738       3822
      Total      22974      23562      24150      24738      25326      25914      26502

*******2046*******
               Alabama    BonJovi     Boston    Chicago    Journey     Kansas   Survivor
chloride         10302      10386      10470      10554      10638      10722      10806
iron             10314      10398      10482      10566      10650      10734      10818
magnesium        10326      10410      10494      10578      10662      10746      10830
potassium        10338      10422      10506      10590      10674      10758      10842
silicon          10350      10434      10518      10602      10686      10770      10854
sodium           10362      10446      10530      10614      10698      10782      10866
water            10374      10458      10542      10626      10710      10794      10878
      Total      72366      72954      73542      74130      74718      75306      75894

*******2047*******
               Alabama    BonJovi     Boston    Chicago    Journey     Kansas   Survivor
chloride         17358      17442      17526      17610      17694      17778      17862
iron             17370      17454      17538      17622      17706      17790      17874
magnesium        17382      17466      17550      17634      17718      17802      17886
potassium        17394      17478      17562      17646      17730      17814      17898
silicon          17406      17490      17574      17658      17742      17826      17910
sodium           17418      17502      17586      17670      17754      17838      17922
water            17430      17514      17598      17682      17766      17850      17934
      Total     121758     122346     122934     123522     124110     124698     125286

